25744677228
10653770903
6376434
10471380245
22619114303
10535272133
6598147
20899299825
16832267483
15507206776
23543008121
11941946786
15610845217
14749327497
10929663187
20605907900
25343095854
5089225
10613502507
5375695
13044022024
17216009033
6072363
11297488459
18540712876
24818283314
19151766612
23707741433
21576637206
11268454151
5283387
25584777647
20458252950
11792731655
24170058049
11302346376
4232149
15532095554
5954476
18108508070
4094680
10313714644
6099504
5568865
4746262
12696500169
13236246393
12434667583
25897466081
11117232942
25664441272
6425135
11955836791
14109424467
11667737268
16234239566
17968350354
6274972
15350012596
3760371
4230887
20816414034
17979641469
11781356482
11301938609
1990236725
22075899718
16278301796
18717872466
25559912612
1231344238
20612754380
23011355084
24752815606
20458515724
3599935
18120107413
12017963985
25947021029
25106045276
21574769824
5284265
25897481909
10129786411
11988292946
16295578971
15638133671
1539904248
10349525441
14814488357
10351739968
16425302386
14704016398
22622613770
16324927052
11338769689
17741632268
13621535485
11404871391
14673460462
12951054721
12052490447
4483072
21990457135
1107459312
16591477327
19939378033
12834488619
10076433676
18115980953
10541822962
10323597683
16801540662
17268946497
11040781719
25498138770
21690477583
11107032701
11544050480
16506631276
10393148616
11185378560
19154225410
10942315755
25386595416
11078005987
17119945195
20337042205
19994179320
5107323
12657645159
23186438707
24219603353
17633888807
11334675814
10952116287
1466278167
6494556
21755709588
1520255249
25878044241
4577217
11260741801
15276107945
18167356217
10323597682
17874263601
25735708889
22159576364
25784742588
11690742422
20004879714
11258734709
11631256963
18441055272
14567974729
11665306067
20277903205
20067198287
16887687880
18957029415
10906997561
15227006253
21579669040
4907921
11455188812
18028102381
10187017722
11259202658
22680982882
16372996039
15533622112
15245462402
13536863385
21681027025
14101227164
19671012834
14233965924
22759059995
25726376670
24695750751
25677660433
12944382792
10346408180
15315533588
5402840
19657396148
20347103098
19194657545
6321066
10519257099
18787246601
17980513986
21309004048
16579488362
11402636819
20914232472
25806395974
16791599165
12590092286
6019534
19580485046
14972205139
12632381766
11083454031
24218866890
16289638577
18181817258
11678065011
15926356221
16291127707
25264717368
19294941789
16295845207
15507226216
11265107569
1861102
6084863
14815982594
24358203132
10948339751
4572706
23168932415
18595203997
6008133
19672933015
25673778304
3809077
16061478359
19080390829
11726451302
5911245
4510588
15194440399
13241750400
11364582670
13134026855
6598123
14115932477
11989556161
18799942646
15101035036
12006711391
5283377
11704358260
20187876849
18129628041
13857484731
15247088356
11243486607
14783721488
5089275
25647350176
13596833100
14108779484
19745415538
15061787241
10955603454
16924211871
23867942289
21979031150
16546531614
18649018870
17701606448
21753753272
17875008321
11682927557
13760033702
12224420750
11927396065
16672179404
24755189307
12553694715
15513999045
11217707490
6610388
6773543
20176416801
6165733
25107721490
11881523273
25109782095
12653605093
23863966167
10028578383
12066800774
23715791638
11917887400
12084285099
20336802887
13355567271
10629202176
20989010797
12175479889
25897468502
4230919
5204052
18716343120
11986353223
5357340
18807933096
13188607662
18795738014
25948102645
24011769342
14236495929
22038363987
14867612545
11861316603
5996357
10120347315
6077198
23941918643
19577325849
10499207891
14155000956
11620230248
16899845513
4034064
19213391681
21488348772
12378651733
25612779242
18109999657
11480370660
22320744664
24216810359
25435301106
22865939987
6380840
4289116
12576741741
10176258411
5934357
19661640826
18780117159
13858898181
10089815417
25242663849
19148061242
11522153710
16289961672
10521526784
11960714890
12674494993
6138112
25728360005
3889169
25108425578
1111667716
23707732752
14157299456
24141843992
11252833708
13516902633
11816382321
25747323847
11975459723
20411217591
3928423
24802143379
5637706
13302512329
24361911846
5853579
26341143221
5708466
25746511299
11009897843
24627270377
13280647012
15266262338
21782038748
22627264349
15347083884
14542792136
14315350700
11565700466
25377735095
22750613488
26121093955
6020647
16672063146
18121223760
1665060438
25171168932
12170069827
6494716
23406857548
11334951232
16979999315
10861605107
14100475483
11464031106
14059973205
11455815697
6271019
4250293
12756840232
16805721661
15265755273
16296825112
4787565
16706663315
16092477014
10557763556
16234994886
13739226669
25566343234
15313683623
6020641
26204516576
15936449061
25440590284
17120331505
19081861284
15254685851
6338762
10927332921
1389989638
13617860517
16929247660
12052276044
12463339132
17744743954
22217170997
19565390489
13830776657
25154384120
19670571198
21775842541
19265789676
12096585685
6305258
5424599
16554328203
16904192913
11055961535
1539896324
11520165760
18788544799
14573218936
14820428064
25589963944
15927976982
13256734776
5813073
12613550298
11817262445
3893499
11944498052
21947234219
16018679503
5038557
18238476483
25803909497
11837013932
19528027464
13444511151
10555527602
12140049313
4086223
10450936475
16580586466
25872133670
16292499472
18022453712
12125312020
22918912291
11250648644
1653525032
24622881485
5663902
23853219188
22458768944
12004420260
11805683402
19416437561
16368483570
25576991774
15357282716
14391418185
20292777628
4938578
21670026663
11488421734
4207732
14575426428
17317802552
11394975715
14536533075
14835462299
10920195423
19997756315
17027381419
10743141801
25819116390
10372506246
11184428390
5181380
10834633544
5438529
12440869158
10955021456
4431619
10604361066
10632192954
22934584008
4112338
15934901992
12079177345
10961185540
12052289257
10971696962
11056931508
12726194813
11500812259
19998243795
13486040524
11202559679
18593375943
23334314231
6035594
25714212623
5762407
21056257657
20809393621
18613769573
12589482294
10424732616
22142917749
6123454
13375819330
11654347541
2883233
15595146092
3901175
11252317189
11316717702
13492492492
5425721
18166164133
25321808903
25906780694
18023129287
1461032874
20960593556
18661579840
16921225845
10521652638
13937811469
16669207985
15027568228
14791923836
13924460910
14235108832
16744370080
19591525712
14062633583
16240106594
15027171956
17097552797
22124510422
19814268841
5374108
16514616211
24556226085
23785880641
10662685942
15274430954
13492448295
10913121740
13694262160
22946325504
2699502
19457066097
10379411103
22063647540
15435593374
3602644
16603602341
21673013152
19152428623
15976705584
10902431516
16890225375
23244052057
25380232100
16899845512
23564874365
11676372457
10095041798
11546204538
15652791981
11295091433
24757168477
22692911400
18377347431
12652458939
13187696773
16291065431
11005244753
18362955878
15030361261
24203858466
22145373131
13730137907
25897489369
15312577660
1989976933
13519426247
5901119
23478821280
4526053
20534544788
5361711
25422310048
10364214161
4586850
11055653425
14810704483
3370685
25861334968
14442708379
20906779013
14512340317
4483108
5906385
20015341974
6374105
22071534211
5437633
19213574013
24292596774
11384308346
18726688989
24749122738
5587647
15899225843
11316389821
13307299138
6021717
14983367568
6085184
17121505028
14574358693
24361456904
13546778478
17872482055
11055240056
15789109424
5495676
15026569429
6389385
14511040779
5716985
23789350045
17913650930
1984306229
12964693568
18560082382
11718064762
12631424544
19214666307
21372517130
23886126549
11656404487
26013699980
10782445806
14748519618
13164693176
19441975384
22142330461
17250543588
11606579334
1726550760
13734285052
20175494732
14509967529
4879844
24754762337
15099723676
12063902745
13974746967
10492339277
17094977704
12418789488
11385207637
24737737208
20116007139
23392578482
5001209
4914531
3133857
11608512390
18844947730
24497158142
5798250
12575368988
15027665010
19492923802
19498980945
24298046454
12964148664
16987065873
10163671276
11054848502
15531851285
22949345413
16384065601
11357751613
12147624054
19136455898
19724413827
11481305161
21059214909
13787837975
24809819989
13466911319
17695757634
4554969
16228768934
4934609
15075935566
4270023
6144617
11240389434
20332864553
13931825972
1995765374
11384140980
10678790028
19087464550
17866572058
5148371
14225770724
11373000374
10355532042
16929247661
19208061948
15304787198
23255137019
5114935
21119776021
18546250830
20898196348
17131411949
20182910421
25671744040
13033783306
11184566415
19589609166
15929249942
14941104418
19088300941
13139023497
11031597246
5706773
12594398200
16182699662
10119532340
22168260053
11678893163
22058154214
18255423002
20533811680
25291371019
5089253
18373163002
26128106370
24221637902
1202626888
10358209905
16233552342
1592994
12650693624
12439915507
3315699
19085700788
21127146423
14190111899
25733270726
4907937
23646890122
18969791316
16550830585
15310606373
17967388005
16499011260
12966582034
15976395536
12857064004
1389709135
24275306596
20101879066
12838321826
24286387713
23182571574
23697016867
15612619462
25882037762
14161239399
25675393504
16291111802
15770768971
26040247417
13650756866
22775074031
25204420770
20348283521
18663439845
11323527372
18678557674
25647126508
5484048
22320392453
12020331692
10872169368
11049830052
5734956
22030390269
17876272245
16292209305
5795229
13140322463
24441650455
6558982
21656935774
16967570014
14541637630
17178944760
16092970869
16235302052
1945514
21987732129
26128827092
23389674317
13019192724
13440955409
13262305815
11570058246
17458932688
1694696882
11546351758
13300568957
15975481740
20046977242
15501980018
13850238910
6013147
25642230057
19177117080
5801601
21678745124
12401424930
20609148872
15058490688
21676582422
11988973201
6513853
20120574865
6128063
10119555347
10967188423
14017427613
12176292110
5525866
14444572291
18301461519
11801810504
14452086044
16108262613
12762936774
11077796654
13349877419
13934348244
19936659727
25256122499
10930623509
24281909295
13732793646
25167302190
20602071924
24289544156
11382120920
5835263
10504670942
19212348469
25979756547
5618804
15021455665
12278597666
21670709288
11532129464
4364853
13070185174
13573395362
13490051932
18502209431
12971208277
12320370716
10416926789
13640812197
5097658
14776127531
6610412
18652687097
17167319041
21579919293
13161184123
13301418139
5437597
5619586
16099866387
18731650198
22036204247
20905256756
10404858656
6035596
16513936943
11543789036
14160172694
4893361
3234250
24222494648
11556525363
10561967420
15546083030
12674083885
24820396879
11385516909
15062570409
5142537
19591574658
16006217377
20056783473
5114909
21679736926
12672214242
11992143747
4595955
10932167751
5159272
10796540346
12192831785
22922343168
19666641973
11468891062
16894514041
25882655123
22947756367
24752998454
5179864
1649997529
20412325609
14568595232
24206271322
10061394147
11898178633
10906942664
25790371341
12402409847
12079489022
17912465328
5798226
5001175
12633348777
10449449575
13034733600
6270870
13131621844
25414907646
16326976915
15390219387
10653820140
21759433312
5531825
16239201185
15646406219
20045127777
25724877998
10962524128
10437675035
14506499846
24273511676
18978371066
18963967022
1295153640
12176299473
10093204729
6051834
22945960598
22603022270
14276207186
13724578306
17763031989
10943224318
1022456037
21651850853
12079392298
6280874
16985392485
2321960
11632146920
23612615266
13981255490
6088402
6035608
25199668106
21673455235
19036619855
26152373867
18972260989
11792425909
4403047
24352651180
10669260214
23460181732
12420472902
12287592257
19445181188
1279735872
22231506275
11221733992
14507356150
5283365
5942439
18541084303
13519531709
15616497813
11595783267
16187405682
18166655197
3322621
16297121281
17091236390
12711782271
14271089819
15496540801
6035572
18601046769
20974052851
11319495561
18239191310
16988380125
20278459456
13984041461
25299978598
10225573466
25464094446
14980261151
13373772654
18608306444
4270049
10734693239
24624669277
5464295
22203027729
16262549687
19137640065
15032656788
15411122216
24363950719
11621194458
14184315808
5378643
5706795
25544130135
10920123399
26193807047
12717466900
17926573110
23317711090
12904008964
18299514254
11818530916
5544038
14444016766
10155479648
13936051889
10553435523
5247844
22169825493
22941962719
22925635489
11794447957
20911711671
18176111304
4938584
11012692733
16921108508
11305828860
10781492357
11782262907
12054576636
25343047838
19197074978
17882833441
15539984699
11960792136
20888612599
10900366746
11786720644
20449664146
14579429414
17698485993
17742610632
10678849817
11707725513
10017513556
17214983886
1990288509
10955861847
19422549892
19584770012
14835895124
13034838359
14234169962
24171622450
21681446186
20904284869
6577495
15652374616
17582311220
10645768891
22142397091
24807539890
10914135196
11656058665
13674396327
15539866691
4120319
12947896057
19197727142
11703169647
22381825317
20398670421
24225852283
12582916863
11349907717
14102602376
24019027104
5014204
11118528272
10479241099
10559221025
